                               QUERY PLAN                               
------------------------------------------------------------------------
 Seq Scan on investigadores  (cost=0.00..65540.00 rows=346706 width=41)
   Filter: (salario < '24000'::numeric)
(2 filas)

 schemaname |   tablename    | attname | inherited | null_frac | avg_width | n_distinct | most_common_vals | most_common_freqs |                                                                                                                                                                                                                                                                                                                                                                                                                                                                histogram_bounds                                                                                                                                                                                                                                                                                                                                                                                                                                                                |  correlation   | most_common_elems | most_common_elem_freqs | elem_count_histogram 
------------+----------------+---------+-----------+-----------+-----------+------------+------------------+-------------------+------------------------------------------------------------------------------------------------------------------------------------------------------------------------------------------------------------------------------------------------------------------------------------------------------------------------------------------------------------------------------------------------------------------------------------------------------------------------------------------------------------------------------------------------------------------------------------------------------------------------------------------------------------------------------------------------------------------------------------------------------------------------------------------------------------------------------------------------------------------------------------------------------------------------------------------------+----------------+-------------------+------------------------+----------------------
 public     | investigadores | salario | f         |         0 |         6 |     186782 |                  |                   | {1005.000,3017.000,4945.000,7032.000,9083.000,11159.00,13161.00,15099.00,17169.00,19106.00,20975.00,22951.00,24833.00,26841.00,28864.00,30883.00,33101.00,35037.00,37012.00,39011.00,40824.00,42927.00,44891.00,46887.00,48922.00,50746.00,52552.00,54757.00,56823.00,58694.00,60760.00,62783.00,64833.00,66808.00,68890.00,70993.00,73059.00,74971.00,77011.00,79240.00,81272.00,83337.00,85416.00,87145.00,89148.00,91063.00,92913.00,94878.00,96802.00,98865.00,100943.0,102928.0,104931.0,106849.0,109000.0,110845.0,112920.0,114667.0,116671.0,118774.0,120782.0,122714.0,124855.0,126812.0,129076.0,131232.0,133243.0,135388.0,137322.0,139285.0,141463.0,143492.0,145392.0,147193.0,149310.0,151107.0,153282.0,155188.0,157034.0,158883.0,160703.0,162901.0,165026.0,167094.0,169203.0,171258.0,173196.0,175284.0,177153.0,179222.0,181075.0,183043.0,184874.0,186812.0,188773.0,190621.0,192640.0,194565.0,196787.0,198863.0,200993.0} | 0.000102905615 |                   |                        | 
(1 fila)

